8.46292	0.243462	-3.03909	-0.087429
8.4475	0.251491	-1.52218	0.050347
8.55793	0.242558	-0.00764173	-0.082604
8.45789	0.253812	-0.0119659	0.0448133
8.42391	0.253778	-1.78221	-0.0135338
8.24138	0.249233	-1.78244	-0.0187242
7.94677	0.189623	-3.7209	-0.257058
7.8391	0.160153	-3.71894	-0.310643
7.61699	0.154746	-3.234	-0.405196
7.53843	0.159172	-3.23463	-0.353044
7.49937	0.0968315	-1.94669	-0.43936
7.34361	0.0352428	-1.94557	-0.513471
7.20656	0.0068189	-2.76017	-0.282896
7.05408	-0.0524927	-2.76017	-0.358674
6.7612	-0.143836	-1.72677	-0.659112
6.84599	-0.257225	-1.72726	-0.775011
6.67636	-0.34464	-2.04894	-0.694204
6.64188	-0.460954	-2.05331	-0.795647
6.60514	-0.558147	-0.977966	-1.37832
6.56021	-0.650419	-0.980139	-1.40599
6.41603	-0.843281	-0.602543	-1.76655
6.45651	-1.05046	-0.616658	-1.89073
6.38797	-1.15092	-1.4254	-1.1359
6.2561	-1.24934	-1.43482	-1.18522
6.4152	-1.48207	1.05002	-2.73051
6.36551	-1.65608	1.03902	-2.77863
6.32974	-1.80051	-0.507212	-1.28146
6.24758	-1.94901	-0.532902	-1.36908
6.31143	-2.11269	0.916654	-2.58321
6.34666	-2.23836	0.916635	-2.58312
6.33112	-2.39454	0.194125	-2.00609
6.34911	-2.55081	0.179659	-2.04416
6.42509	-2.72063	0.877832	-2.70058
6.4334	-2.84299	0.881034	-2.69255
6.46633	-2.99998	0.480957	-2.3747
6.44219	-3.14893	0.462561	-2.41321
6.51735	-3.32185	0.960947	-2.92553
6.54581	-3.45796	0.965738	-2.91598
6.63294	-3.59629	1.3199	-3.20807
6.75901	-3.75492	1.33962	-3.17345
6.83684	-3.92352	0.942138	-2.83519
6.86056	-4.05849	0.944133	-2.8315
6.87301	-4.18709	0.917348	-2.80234
6.94292	-4.34465	0.921045	-2.79659
7.04832	-4.49253	0.513058	-2.35953
7.04173	-4.55162	0.534153	-2.32697
7.09953	-4.68213	0.917158	-2.62917
7.14739	-4.86057	0.901326	-2.65269
7.30312	-5.05335	1.46598	-3.19655
7.30586	-5.15556	1.47447	-3.18377
7.30364	-5.23741	1.05397	-2.74135
7.44563	-5.45176	1.05298	-2.74351
7.62064	-5.61774	1.13083	-2.74382
7.64439	-5.66908	1.16344	-2.70044
7.61234	-5.75264	1.04669	-2.6108
7.73289	-5.95257	1.04283	-2.61645
7.81647	-6.07619	1.83728	-3.40002
7.95606	-6.24332	1.85493	-3.37818
8.16602	-6.43958	1.18187	-2.66017
8.16042	-6.45599	1.21683	-2.61631
8.09764	-6.52492	1.14321	-2.58291
8.2522	-6.74627	1.14087	-2.58666
8.26094	-6.79097	1.28785	-2.68524
8.44269	-6.95759	1.32316	-2.64413
8.40316	-7.02253	1.2084	-2.56177
8.54749	-7.24244	1.199	-2.57362
8.63919	-7.39382	1.77066	-3.18138
8.73544	-7.54231	1.77849	-3.17241
8.87123	-7.71133	0.878019	-2.19815
8.8469	-7.75653	0.883751	-2.19099
8.88312	-7.8878	1.33924	-2.66866
8.95946	-8.03777	1.33554	-2.67287
8.87243	-8.02303	0.752134	-2.00734
9.05603	-8.24088	0.763336	-1.99639
9.17081	-8.46305	1.33193	-2.62798
9.155	-8.54953	1.31754	-2.64285
9.23076	-8.68567	0.795476	-2.01141
9.246	-8.76919	0.795475	-2.01115
9.3674	-9.00472	2.28511	-3.6745
9.44774	-9.15399	2.28593	-3.67336
9.51031	-9.25273	1.06321	-2.19326
9.54201	-9.35217	1.05814	-2.19822
9.48697	-9.42719	0.990785	-2.19515
9.54746	-9.6474	0.944171	-2.24221
9.69017	-9.87655	1.27696	-2.70876
9.64822	-9.93572	1.26191	-2.72258
9.61245	-9.96898	0.736364	-2.05888
9.73632	-10.1384	0.752112	-2.04458
9.91629	-10.4544	0.944689	-2.32911
9.75934	-10.4753	0.888592	-2.38058
9.72468	-10.5182	1.04368	-2.60227
9.84907	-10.7508	1.03533	-2.61055
9.89083	-10.9287	0.590338	-2.09709
9.83779	-11.0412	0.544393	-2.13778
9.84247	-11.1676	0.695319	-2.40162
9.8462	-11.3484	0.651299	-2.43997
9.88353	-11.5528	0.607809	-2.45887
9.83366	-11.6317	0.584986	-2.47764
9.86444	-11.8321	-0.201073	-1.37151
9.75133	-11.8454	-0.232568	-1.39676
9.7018	-11.9674	0.160711	-2.1151
9.6545	-12.1483	0.0946689	-2.16811
9.72458	-12.3781	-0.276944	-1.55387
9.55176	-12.3501	-0.321484	-1.58715
9.41165	-12.3846	-0.720055	-1.04717
9.36099	-12.5479	-0.779642	-1.09221
9.3428	-12.7034	-0.589023	-1.54113
9.22302	-12.7619	-0.634318	-1.57342
9.17642	-12.9722	-1.43516	-0.23838
8.84653	-12.9529	-1.58225	-0.339709
8.71975	-12.963	-1.49727	-0.640504
8.66304	-13.0422	-1.50016	-0.642683
8.55919	-13.1545	-1.77671	-0.232742
8.35972	-13.156	-1.84452	-0.275422
8.23927	-13.1632	-2.12369	0.390161
8.03741	-13.1512	-2.18965	0.350387
7.83787	-13.0582	-2.18506	0.264509
7.76436	-13.1623	-2.20317	0.253287
7.66004	-13.2977	-1.94999	-0.520187
7.45005	-13.2532	-1.9992	-0.547121
7.23233	-13.105	-2.30493	0.36296
7.15894	-13.2351	-2.32742	0.350213
6.9064	-12.9728	-2.6462	1.19764
6.84729	-13.1445	-2.68185	1.17834
6.7664	-13.2229	-2.60616	0.93961
6.5589	-13.07	-2.61607	0.935359
6.39863	-13.0787	-2.42918	0.25453
6.26181	-13.0536	-2.42739	0.255432
6.11014	-13.0056	-2.59412	0.817517
5.94246	-12.9496	-2.6102	0.810426
5.81183	-12.8442	-2.96199	2.09793
5.6513	-12.7366	-2.9704	2.09438
5.49039	-12.5855	-2.54981	0.789698
5.43667	-12.6497	-2.51656	0.802834
5.28573	-12.4821	-2.79761	1.85591
5.13065	-12.4666	-2.82904	1.84294
5.03268	-12.3831	-2.68814	1.48171
4.92906	-12.2509	-2.63373	1.50271
4.75631	-11.9946	-2.7138	1.83617
4.75645	-12.0632	-2.65651	1.85666
4.68259	-11.9134	-2.62624	2.04046
4.64185	-11.7453	-2.51798	2.08037
4.5821	-11.6266	-2.15823	1.37732
4.54812	-11.5702	-2.09185	1.40174
4.48238	-11.3693	-2.78822	3.44725
4.43877	-11.1505	-2.69807	3.48076
4.41246	-11.0301	-1.69605	1.38938
4.44887	-10.9304	-1.57591	1.43486
4.44066	-10.7899	-1.79136	2.08755
4.45571	-10.6462	-1.68452	2.12944
4.45351	-10.5731	-1.57141	2.05532
4.43924	-10.3406	-1.4694	2.09724
4.50371	-10.2383	-1.24038	1.93483
4.54712	-10.0456	-1.11724	1.98681
4.61886	-9.96937	-0.999508	1.99939
4.6362	-9.75169	-0.901862	2.04354
4.6068	-9.44998	-0.876045	2.17103
4.74221	-9.45818	-0.778229	2.21656
4.87675	-9.39255	-0.249645	1.72919
4.94692	-9.14182	-0.125197	1.79258
4.95329	-8.96987	0.18901	1.52592
5.03965	-8.94862	0.221217	1.5433
5.19434	-8.88845	0.247194	1.68384
5.26777	-8.63882	0.355776	1.74724
5.37466	-8.56587	0.871961	1.36
5.44807	-8.42878	0.918094	1.38929
5.55858	-8.4409	0.849299	1.45764
5.53999	-8.24595	0.855611	1.46263
5.64577	-8.03624	0.924508	1.55871
5.84791	-7.95582	1.0213	1.62596
5.93467	-7.84236	1.26556	1.50402
6.05878	-7.73604	1.30912	1.53745
6.13711	-7.63385	1.33289	1.53783
6.25568	-7.54345	1.36144	1.56121
6.38804	-7.46243	1.53008	1.48297
6.45241	-7.36452	1.52686	1.48031
6.49005	-7.10952	2.08877	1.16725
6.75236	-7.14402	2.12512	1.19987
6.69163	-6.95104	1.14723	1.67622
6.86136	-6.94551	1.15869	1.68679
7.08191	-6.91607	2.0601	1.13154
7.15776	-6.75341	2.08937	1.16264
7.29096	-6.69271	1.37352	1.52971
7.3553	-6.56154	1.39031	1.54885
7.53758	-6.52511	2.74927	0.835759
7.65702	-6.46456	2.75043	0.837303
7.68006	-6.35718	2.07616	1.12566
7.85075	-6.35718	2.06945	1.11657
8.02698	-6.28508	2.11561	1.14225
8.13765	-6.14736	2.14742	1.18423
8.21344	-6.02753	1.65587	1.40528
8.33546	-5.94693	1.67205	1.42782
8.50512	-5.88427	2.73118	1.03456
8.65885	-5.86239	2.717	1.01331
8.76617	-5.75674	1.67329	1.44403
8.85454	-5.6434	1.68662	1.46525
9.01725	-5.59969	1.73554	1.4632
9.05198	-5.45529	1.75002	1.48806
9.05694	-5.29527	2.75568	1.17632
9.3395	-5.3243	2.74962	1.16407
9.39462	-5.2303	1.57145	1.51111
9.5516	-5.13219	1.59299	1.55112
9.74177	-5.13766	1.60563	1.5167
9.7601	-4.93375	1.63699	1.58026
9.91337	-4.86866	1.53231	1.61632
9.95726	-4.7443	1.53767	1.62828
10.005	-4.5584	1.38148	1.7365
10.1416	-4.45138	1.39564	1.76782
10.1999	-4.27305	1.45384	1.82086
10.3627	-4.16356	1.46884	1.85685
10.5895	-4.11216	2.04975	1.79464
10.5448	-3.94677	2.0505	1.79905
10.7027	-3.85541	1.67869	1.86339
10.7623	-3.75009	1.67598	1.85591
10.7949	-3.61798	0.843381	1.98637
10.8525	-3.46253	0.856823	2.02902
10.9583	-3.30212	1.90357	1.98981
11.0449	-3.15699	1.91337	2.02421
11.1138	-3.00675	0.713436	2.05968
11.1429	-2.86619	0.718816	2.08134
11.1522	-2.68737	0.832026	2.12848
11.2514	-2.55342	0.838413	2.15551
11.125	-2.38677	-0.948016	2.13142
11.1576	-2.25621	-0.941973	2.16019
11.2053	-2.08008	1.66166	2.20442
11.3514	-1.95787	1.66379	2.21503
11.3062	-1.81611	0.137514	2.08316
11.3322	-1.67099	0.141925	2.11412
11.0816	-1.46236	-0.831367	2.12724
11.255	-1.3581	-0.827595	2.15106
11.1692	-1.23736	-0.868856	2.14436
11.1518	-1.1573	-0.871767	2.11185
10.8711	-0.948457	-1.99645	2.13673
10.9546	-0.730875	-1.98699	2.24948
10.8627	-0.64713	-0.932803	2.47609
10.8637	-0.55223	-0.93402	2.43942
10.84	-0.445213	-1.81328	2.31831
10.656	-0.34691	-1.81431	2.28702
10.5075	-0.25434	-2.94046	2.11368
10.3438	-0.150737	-2.94052	2.10154
10.4663	-0.066689	-1.86344	2.22565
10.158	-0.0462511	-1.86323	2.1271
9.93494	0.00193848	-2.58393	1.99222
9.85546	0.0366363	-2.58198	1.92015
9.64573	0.063089	-2.71254	1.83394
9.54567	0.039936	-2.70884	1.71379
9.32828	0.113247	-2.78745	1.69341
9.24305	0.154596	-2.78576	1.64258
9.0639	0.203818	-2.73951	1.60915
8.94682	0.260895	-2.73816	1.57804
8.89573	0.259524	-1.92652	1.60587
8.76077	0.265397	-1.92271	1.5277
8.47603	0.252946	-3.59137	1.35535
8.35214	0.254061	-3.58726	1.28162
8.06223	0.249445	-2.74437	1.24278
8.05121	0.24925	-2.74023	1.17136
7.79684	0.210386	-2.60293	1.08066
7.74157	0.146512	-2.59669	0.958225
7.75976	0.103298	-2.73186	0.871738
7.4568	0.0473115	-2.7294	0.775464
7.16619	0.0427933	-3.08177	0.777423
7.16304	0.0298292	-3.08029	0.729275
7.16158	-0.0368188	-1.79811	0.611649
6.95647	-0.144869	-1.79662	0.473689
6.83341	-0.245711	-1.78309	0.346043
6.76337	-0.342972	-1.78452	0.233076
6.74277	-0.451523	-1.52501	0.0348188
6.54799	-0.563522	-1.53094	-0.0799171
6.56075	-0.746431	-0.589701	-0.631661
6.451	-0.937637	-0.603527	-0.786229
6.44065	-1.10672	-0.711357	-0.828377
6.34529	-1.25908	-0.727125	-0.928889
6.38784	-1.36206	-0.611037	-1.04891
6.25567	-1.42901	-0.617553	-1.07776
6.24729	-1.61013	0.387853	-1.71091
6.23611	-1.75218	0.374947	-1.76342
6.39903	-1.92783	0.884041	-2.22363
6.35074	-2.05365	0.875308	-2.25098
6.51962	-2.25341	0.336968	-1.88721
6.37261	-2.33932	0.325154	-1.9186
6.2787	-2.51971	0.460157	-2.14376
6.34207	-2.73197	0.435079	-2.2086
6.45083	-2.92329	1.00241	-2.86426
6.44003	-3.06295	0.998167	-2.87273
6.49227	-3.20022	0.912706	-2.77058
6.53593	-3.34232	0.915312	-2.76537
6.69238	-3.53082	0.918575	-2.74915
6.64853	-3.64032	0.914998	-2.75468
6.70827	-3.81677	1.01539	-2.86477
6.74916	-3.96389	1.01611	-2.86338
6.74356	-4.06935	0.895376	-2.72843
6.85664	-4.25392	0.897358	-2.72589
7.08683	-4.48917	1.49897	-3.2579
7.04929	-4.55941	1.5124	-3.23597
7.03416	-4.64743	1.08576	-2.82368
7.13352	-4.85396	1.07494	-2.84006
7.24258	-4.9756	0.887348	-2.59886
7.25387	-5.04725	0.901785	-2.57818
7.22523	-5.10908	1.78953	-3.3088
7.43358	-5.34675	1.79514	-3.30207
7.42351	-5.38704	0.767508	-2.2453
7.55478	-5.56598	0.772526	-2.23943
7.40906	-5.54465	1.50576	-2.88322
7.75907	-5.83962	1.53675	-2.84488
7.84844	-5.9987	0.705017	-2.09201
7.85981	-6.04639	0.72678	-2.06362
7.89412	-6.14894	1.53593	-2.79823
8.05461	-6.35923	1.53756	-2.79687
8.21628	-6.53623	1.62825	-2.84612
8.25551	-6.64941	1.62951	-2.84409
8.32563	-6.76788	0.8523	-2.0795
8.3184	-6.84076	0.850827	-2.08078
8.27825	-6.91713	1.18241	-2.43845
8.43981	-7.15165	1.17318	-2.45036
8.53709	-7.26588	1.60853	-2.87251
8.6583	-7.46898	1.60049	-2.88211
8.83041	-7.67158	0.860134	-2.10329
8.76997	-7.64388	0.883463	-2.0758
8.78094	-7.73252	1.64073	-2.80141
8.95496	-7.95021	1.64586	-2.79639
9.10424	-8.2109	1.47238	-2.676
9.05726	-8.24421	1.46864	-2.67913
9.14059	-8.3963	0.716595	-1.82952
9.14107	-8.45076	0.721569	-1.82378
9.21658	-8.59205	1.26782	-2.40666
9.25098	-8.76004	1.23425	-2.44219
9.30405	-8.90655	1.22058	-2.4547
9.34483	-9.04581	1.20614	-2.4695
9.40046	-9.18745	1.33942	-2.64736
9.44558	-9.37096	1.30669	-2.68048
9.48992	-9.46783	1.17038	-2.48556
9.551	-9.64706	1.14779	-2.50797
9.57451	-9.75669	1.21162	-2.60124
9.62424	-9.94044	1.18215	-2.62989
9.62011	-9.97149	0.932036	-2.2781
9.74411	-10.1489	0.940169	-2.27099
9.78229	-10.3201	0.572811	-1.91867
9.76646	-10.4497	0.535765	-1.95335
9.88759	-10.7039	0.98074	-2.61317
9.8525	-10.7556	0.978459	-2.61445
9.85436	-10.9186	0.595485	-2.1973
9.85742	-11.0508	0.571826	-2.21838
9.75938	-11.0578	0.704046	-2.44638
9.84292	-11.353	0.649896	-2.49429
9.80431	-11.4673	0.672701	-2.60646
9.83934	-11.6458	0.651323	-2.62466
9.78296	-11.6941	-0.16662	-1.39592
9.74812	-11.8496	-0.221145	-1.44089
9.78595	-12.1085	0.00487058	-1.92941
9.64756	-12.147	-0.0457489	-1.96909
9.58371	-12.2877	-0.08303	-2.03934
9.5521	-12.4572	-0.127352	-2.07359
9.39689	-12.4789	-0.666372	-1.21876
9.35888	-12.6479	-0.715609	-1.25566
9.18661	-12.6763	-1.1331	-0.646447
9.02974	-12.8314	-1.24568	-0.726978
8.87091	-12.7987	-1.31554	-0.640749
8.84158	-12.9657	-1.34776	-0.663327
8.68181	-13.0079	-1.32666	-0.866361
8.5541	-13.1428	-1.40351	-0.916896
8.30783	-12.9959	-2.07883	0.618181
8.2584	-13.1451	-2.11795	0.593023
8.05	-13.0736	-1.72884	-0.416675
7.95816	-13.2478	-1.79333	-0.456227
7.87753	-13.3948	-2.10722	0.243672
7.62755	-13.2518	-2.14912	0.220739
7.51248	-13.2878	-2.21065	0.306872
7.34303	-13.248	-2.24152	0.290289
7.2066	-13.1942	-2.50927	1.0303
7.04968	-13.1602	-2.53307	1.01776
6.80637	-13.0479	-2.49636	0.743722
6.6514	-13.1574	-2.57085	0.705298
6.54624	-13.1965	-2.71583	1.19559
6.35432	-13.0416	-2.7223	1.19306
6.25218	-13.1124	-2.30851	-0.132493
6.1443	-13.0485	-2.2658	-0.112682
6.01277	-12.9415	-2.75966	1.53794
5.86375	-12.8411	-2.75155	1.54156
5.73573	-12.8601	-2.6651	1.20599
5.55217	-12.7497	-2.68618	1.1973
5.44536	-12.7379	-2.58837	0.837889
5.35486	-12.6433	-2.54081	0.857302
5.26593	-12.5517	-2.71842	1.59497
5.13757	-12.4362	-2.70064	1.60209
5.11702	-12.5576	-2.64736	1.56306
4.94499	-12.2484	-2.59251	1.58529
4.89112	-12.1586	-2.84905	2.59862
4.75048	-11.9592	-2.82561	2.60773
4.6301	-11.789	-2.44709	1.58245
4.63717	-11.7504	-2.35471	1.61646
4.5817	-11.632	-2.59245	2.46476
4.56407	-11.4586	-2.48458	2.50479
4.4646	-11.2201	-2.41802	2.50306
4.45794	-11.1415	-2.33907	2.53248
4.42046	-11.0963	-1.79837	1.34961
4.43587	-10.9538	-1.67264	1.39774
4.40284	-10.7193	-1.90743	2.15692
4.45223	-10.6607	-1.80578	2.19605
4.43675	-10.5618	-1.25853	1.3056
4.4504	-10.4428	-1.17874	1.33798
4.45098	-10.2267	-1.31195	1.82892
4.55027	-10.1342	-1.17862	1.88428
4.55867	-10.0071	-1.26232	2.14776
4.55791	-9.84216	-1.18579	2.18177
4.61304	-9.66389	-0.714317	1.66219
4.74065	-9.53588	-0.560952	1.73256
4.74507	-9.28772	-0.825258	2.17688
4.84184	-9.23964	-0.745352	2.2163
4.9745	-9.20156	0.263232	1.12686
5.0222	-9.03295	0.330835	1.16302
5.11526	-8.96124	-0.391209	2.0486
5.14026	-8.73328	-0.310598	2.0949
5.32626	-8.80121	0.676512	1.15441
5.36416	-8.57145	0.74968	1.19916
5.386	-8.32727	0.185327	1.83863
5.53591	-8.25156	0.270356	1.89323
5.57236	-8.05386	1.13793	1.24228
5.74357	-8.0507	1.18468	1.27412
5.78149	-7.92399	0.712876	1.67806
5.84912	-7.8806	0.714607	1.67907
5.92352	-7.70426	1.10307	1.41696
6.03909	-7.64701	1.13254	1.43948
6.16388	-7.55492	1.30664	1.38196
6.23862	-7.45357	1.3206	1.39359
6.26516	-7.19	1.98921	1.01309
6.55079	-7.24679	2.03931	1.05591
6.67136	-7.22688	2.06785	1.02035
6.74741	-7.15647	2.05506	1.00838
6.79752	-7.00806	1.46374	1.47338
6.95176	-6.96035	1.48986	1.49895
7.17367	-6.93588	2.197	1.14736
7.25027	-6.72902	2.24493	1.19872
7.41638	-6.72358	1.4809	1.52642
7.46406	-6.55024	1.50818	1.55826
7.54949	-6.50015	2.03505	1.25089
7.65387	-6.46415	2.01677	1.22876
7.86063	-6.44554	2.60811	0.909033
7.94289	-6.3457	2.60756	0.908938
7.90202	-6.13957	1.67311	1.37764
8.12076	-6.14238	1.68791	1.39624
8.30956	-6.05523	2.16668	1.25153
8.45267	-5.97186	2.18129	1.27186
8.53329	-5.90466	2.07091	1.29936
8.64197	-5.83403	2.07466	1.305
8.87919	-5.81534	2.51809	1.14936
8.94387	-5.64757	2.54565	1.19372
9.19896	-5.64723	1.81051	1.4364
9.15621	-5.45499	1.82457	1.46172
9.17358	-5.30428	1.70225	1.51851
9.34688	-5.23584	1.71553	1.54149
9.39408	-5.10826	1.67874	1.56646
9.54094	-5.04677	1.68117	1.5705
9.6318	-5.01396	2.21892	1.3788
9.74986	-4.94292	2.2209	1.38275
9.87554	-4.86848	1.53963	1.59535
9.94533	-4.76283	1.5435	1.60379
10.0695	-4.63126	1.3491	1.71053
10.1386	-4.45491	1.37763	1.77487
10.179	-4.32865	1.62813	1.75054
10.3476	-4.259	1.63095	1.75642
10.5485	-4.162	1.55853	1.81836
10.5572	-3.9625	1.58163	1.88072
10.7651	-3.88569	2.05104	1.86318
10.742	-3.74911	2.04978	1.86128
10.7652	-3.60422	0.599504	2.06319
10.8583	-3.43604	0.621823	2.13357
10.9614	-3.34462	1.9746	2.05927
11.0506	-3.2511	1.97163	2.049
11.031	-3.09548	0.675618	2.18161
11.1551	-2.94477	0.690796	2.23873
11.1388	-2.80075	-0.122886	2.25417
11.1408	-2.65133	-0.116813	2.28016
11.1075	-2.54009	0.0473016	2.25705
11.1489	-2.45821	0.0409682	2.22568
11.1712	-2.25016	1.64207	2.19851
11.357	-2.05349	1.66048	2.29291
11.3163	-1.93869	0.167138	2.02609
11.3499	-1.86556	0.162483	1.99373
11.4134	-1.70701	0.118321	2.05064
11.3581	-1.53323	0.12477	2.09965
11.259	-1.39788	-0.994307	1.98153
11.2421	-1.24325	-0.988965	2.02945
11.0824	-1.09715	-1.64712	1.99113
11.0531	-0.928207	-1.64146	2.05376
10.9293	-0.791383	-1.32051	2.12359
10.9418	-0.641309	-1.31758	2.16759
10.7256	-0.497613	-2.1443	2.05144
10.7445	-0.363145	-2.14268	2.08563
10.6855	-0.295913	-1.77149	2.1121
10.5478	-0.265023	-1.77239	2.02791
10.4972	-0.16454	-2.85296	1.96765
10.2507	-0.0479113	-2.85342	1.98261
10.1407	-0.0540346	-1.93812	2.04998
10.0316	-0.0499161	-1.93634	1.96018
10.0752	-0.00156097	-2.6009	1.88764
9.75072	0.0475673	-2.60069	1.83441
9.51274	0.0836248	-3.02268	1.74743
9.45628	0.149876	-3.02168	1.72673
9.23586	0.174593	-1.95063	1.79399
9.24221	0.142397	-1.94499	1.66068
9.07677	0.200752	-2.95993	1.62463
8.96212	0.251544	-2.95872	1.59589
8.8398	0.262369	-2.94901	1.5324
8.6568	0.247204	-2.94504	1.44861
8.44191	0.251191	-2.88125	1.38937
8.34094	0.252151	-2.87789	1.32353
8.26458	0.250108	-2.64493	1.25739
8.04012	0.261881	-2.64265	1.20248
7.97516	0.210319	-2.87596	1.08405
7.73527	0.151497	-2.87137	0.982386
7.47196	0.144879	-3.12346	0.957499
7.45172	0.150161	-3.12143	0.913866
7.37543	0.104717	-1.85144	0.854132
7.26726	0.0569555	-1.84829	0.757652
7.31191	-0.0391338	-2.73908	0.704518
6.93595	-0.130685	-2.73773	0.576153
7.07746	-0.249325	-0.93297	-0.0297345
6.85159	-0.341002	-0.934735	-0.121488
6.65548	-0.44713	-2.93055	0.503475
6.54693	-0.534401	-2.93544	0.403215
6.50217	-0.707447	-0.887817	-0.470221
6.45449	-0.849315	-0.896653	-0.583808
6.42514	-0.995816	-0.572867	-0.897346
6.35624	-1.15993	-0.588057	-1.00586
6.15881	-1.28033	-0.724136	-1.00898
6.22764	-1.45143	-0.740687	-1.09644
6.35914	-1.60814	0.889461	-2.31638
6.34602	-1.75104	0.882467	-2.34333
6.34344	-1.88596	0.359913	-1.99269
6.35834	-2.03778	0.347263	-2.03448
6.4438	-2.22933	0.30681	-2.06646
6.34301	-2.34081	0.295494	-2.09747
6.48657	-2.55988	0.967604	-2.72392
6.45443	-2.65176	0.975293	-2.70324
6.46896	-2.80304	0.124206	-2.01124
6.45799	-2.9395	0.112627	-2.03727
6.37324	-3.0976	1.08045	-2.95961
6.54123	-3.33747	1.07145	-2.97964
6.64202	-3.5298	0.875718	-2.77279
6.65677	-3.67089	0.873127	-2.77719
6.70963	-3.81948	0.808568	-2.70864
6.74442	-3.9592	0.810096	-2.70591
6.73092	-4.05611	0.695583	-2.58143
6.83676	-4.25334	0.689756	-2.59159
6.8667	-4.32916	0.513837	-2.37607
6.94765	-4.45374	0.525701	-2.35835
6.98999	-4.58476	1.49301	-3.15182
7.1418	-4.76573	1.5045	-3.13532
7.12975	-4.79644	0.874025	-2.48287
7.2571	-4.94663	0.887318	-2.46451
7.28664	-5.09293	0.963272	-2.55201
7.33925	-5.24877	0.955951	-2.56238
7.34127	-5.32063	1.75339	-3.36543
7.54745	-5.55221	1.76372	-3.3525
7.59857	-5.64164	0.847356	-2.42717
7.64476	-5.73415	0.861385	-2.40881
7.64314	-5.82645	1.47603	-2.95259
7.84154	-6.04972	1.49037	-2.93514
7.91706	-6.14924	0.726782	-2.12385
7.95032	-6.2597	0.727273	-2.12316
8.09116	-6.38456	1.30783	-2.5865
8.15904	-6.45967	1.33875	-2.5481
8.33289	-6.65402	1.62398	-2.76084
8.33454	-6.74762	1.61772	-2.76774
8.46395	-6.95205	1.20714	-2.38841
8.44557	-7.04007	1.19426	-2.40319
8.53484	-7.23119	1.23253	-2.4867
8.5585	-7.36838	1.21421	-2.50786
8.69679	-7.49206	1.3673	-2.6107
8.75672	-7.55668	1.39352	-2.58077
8.75464	-7.67047	1.25304	-2.49503
8.84975	-7.85299	1.24216	-2.50766
8.88838	-7.97023	1.17072	-2.43375
8.95084	-8.16281	1.14116	-2.46645
9.0333	-8.24513	1.1764	-2.42886
9.15047	-8.34861	1.21479	-2.38798
9.14579	-8.44423	1.52845	-2.70821
9.22883	-8.64915	1.49986	-2.73909
9.24258	-8.72592	1.34444	-2.5529
9.36284	-8.94969	1.32358	-2.57525
9.47651	-9.1297	0.799184	-1.9733
9.43866	-9.15914	0.798995	-1.97275
9.4489	-9.27295	1.12691	-2.37577
9.53825	-9.45097	1.11683	-2.38627
9.68034	-9.67387	1.16502	-2.45676
9.67427	-9.75897	1.15487	-2.46623
9.85557	-10.0553	1.30502	-2.69073
9.75063	-10.0497	1.28957	-2.7044
9.76463	-10.1866	0.684377	-1.99622
9.74795	-10.3617	0.623834	-2.05364
9.77089	-10.4495	0.982177	-2.53688
9.86182	-10.6451	0.974152	-2.54467
9.87671	-10.8128	0.541608	-2.07895
9.84664	-10.9406	0.502914	-2.11369
9.85038	-11.0927	0.568722	-2.27889
9.83632	-11.2476	0.529546	-2.31318
9.89224	-11.4538	0.60862	-2.48972
9.87234	-11.5694	0.58652	-2.50826
9.90538	-11.762	0.171809	-1.95674
9.75064	-11.8627	0.0802271	-2.0319
9.75966	-12.0103	-0.0173724	-1.90268
9.65599	-12.1507	-0.0954055	-1.96462
9.61214	-12.2389	-0.375957	-1.51735
9.541	-12.3352	-0.412641	-1.54542
9.40655	-12.3576	-0.807267	-0.98704
9.35054	-12.5353	-0.872403	-1.03628
9.34493	-12.8081	-1.11947	-0.770721
9.05159	-12.755	-1.22134	-0.842859
8.97653	-12.8165	-1.11007	-1.13057
8.85018	-12.9411	-1.18083	-1.17889
8.66816	-12.9521	-1.34979	-0.971345
8.54856	-13.1469	-1.44318	-1.03287
8.45603	-13.242	-2.06995	0.457459
8.2616	-13.1497	-2.09569	0.442093
8.11008	-13.1408	-2.13513	0.429969
7.9523	-13.1586	-2.18369	0.400815
7.84861	-13.2624	-1.95575	-0.28971
7.64261	-13.2658	-2.0213	-0.327115
7.52913	-13.2771	-2.47287	0.963784
7.35836	-13.1434	-2.46481	0.968635
7.19829	-13.1939	-2.26445	0.325186
7.05337	-13.1567	-2.27181	0.321416
6.88942	-13.1993	-2.44589	0.641695
6.67355	-13.137	-2.49679	0.616281
6.53152	-13.1352	-2.30023	-0.130573
6.46785	-13.1583	-2.25771	-0.110518
6.25007	-13.0206	-2.59445	0.797852
6.15627	-13.0308	-2.57663	0.805658
5.97068	-12.8772	-2.88902	1.80855
5.85622	-12.841	-2.87676	1.81356
5.72985	-12.8793	-2.64525	1.00681
5.55648	-12.757	-2.64369	1.00784
5.42482	-12.6946	-2.8147	1.71022
5.23747	-12.5478	-2.82308	1.70715
5.1574	-12.499	-2.7324	1.56068
5.04885	-12.3559	-2.67868	1.5817
4.99114	-12.3483	-2.66238	1.65549
4.86955	-12.1441	-2.61613	1.67353
4.824	-12.0494	-2.41552	1.30584
4.77198	-11.9355	-2.34646	1.33172
4.59821	-11.6808	-2.78898	2.5277
4.53988	-11.632	-2.74841	2.54242
4.51322	-11.5631	-2.29075	1.30144
4.5495	-11.4556	-2.15526	1.35095
4.47995	-11.2162	-2.74023	2.93565
4.45391	-11.0537	-2.63031	2.97662
4.37818	-10.8929	-1.70865	1.08839
4.45567	-10.8656	-1.5709	1.14067
4.48305	-10.7883	-1.80732	1.8886
4.43958	-10.557	-1.7156	1.92526
4.43453	-10.4001	-1.5852	1.89266
4.4391	-10.2478	-1.49071	1.9312
4.51545	-10.1806	-1.28726	1.8277
4.54603	-9.94978	-1.15674	1.88336
4.56905	-9.72206	-0.925201	1.76685
4.64122	-9.63853	-0.830376	1.80936
4.75178	-9.55069	-0.572217	1.67619
4.82559	-9.37225	-0.456634	1.73196
4.88905	-9.18905	-0.473214	1.92341
4.94027	-9.04167	-0.398188	1.96243
5.07915	-9.05564	0.326055	1.24475
5.13777	-8.84744	0.412125	1.29308
5.20855	-8.65004	0.261083	1.59442
5.33628	-8.54753	0.347481	1.64577
5.36012	-8.3986	0.54054	1.51041
5.46069	-8.35961	0.569836	1.52886
5.62212	-8.33241	0.315728	1.90421
5.63869	-8.06334	0.385596	1.95227
5.70169	-7.84977	1.24553	1.3548
5.84205	-7.8502	1.25772	1.36306
5.95338	-7.70797	1.55116	1.21855
6.14243	-7.66205	1.60392	1.25924
6.26391	-7.5634	1.36801	1.47574
6.3385	-7.44288	1.39077	1.49516
6.44249	-7.32955	1.50743	1.46073
6.54899	-7.25683	1.51665	1.46886
6.71018	-7.22544	1.67364	1.39864
6.75308	-7.03463	1.70626	1.4304
6.81956	-6.96019	2.1313	1.16382
6.95001	-6.93496	2.12762	1.15982
7.00897	-6.77196	2.07602	1.2273
7.25305	-6.75476	2.11293	1.26563
7.28994	-6.60262	1.76293	1.4603
7.42844	-6.54844	1.77486	1.47358
7.58612	-6.52924	2.25907	1.22238
7.65357	-6.44376	2.25233	1.21462
7.79435	-6.37469	2.96918	0.854492
7.95676	-6.33981	2.97081	0.856441
8.11414	-6.32804	1.43752	1.51204
8.15273	-6.14418	1.46924	1.55527
8.1396	-5.95792	1.62289	1.51052
8.34601	-5.95129	1.62806	1.51664
8.46424	-5.86144	2.85321	1.03505
8.64495	-5.83604	2.8468	1.02521
8.68844	-5.69301	2.42154	1.19576
8.94917	-5.65945	2.44429	1.23068
8.99307	-5.53168	1.74725	1.47749
9.1509	-5.45363	1.76577	1.50832
9.25755	-5.41015	2.03092	1.39538
9.34666	-5.33643	2.02423	1.38359
9.35944	-5.17586	1.03936	1.77087
9.55307	-5.07167	1.07273	1.83213
9.61061	-4.9109	1.78734	1.70973
9.7513	-4.83796	1.78799	1.71053
10.0004	-4.839	1.83128	1.6839
9.96004	-4.66259	1.83615	1.69635
10.0039	-4.52405	1.84173	1.72018
10.1546	-4.43583	1.85112	1.74133
10.1617	-4.26655	1.37494	1.85703
10.3293	-4.16688	1.38741	1.88693
10.3776	-4.04147	1.93475	1.81527
10.5537	-3.94159	1.94355	1.83811
10.6463	-3.84997	1.81019	1.84272
10.746	-3.74556	1.81107	1.84535
10.9297	-3.6448	1.65033	1.89479
10.9473	-3.45201	1.66718	1.94978
11.0982	-3.3389	0.707093	2.02754
11.0454	-3.16143	0.715937	2.06071
10.9937	-2.96036	0.821821	2.10934
11.1519	-2.85695	0.826593	2.1258
11.0328	-2.68861	-0.113716	2.14817
11.1303	-2.55827	-0.105636	2.18186
11.2435	-2.4257	-0.0781434	2.21765
11.1586	-2.26654	-0.07502	2.23523
11.2222	-2.07868	1.65385	2.33424
11.3475	-1.94565	1.65582	2.34459
11.3857	-1.83982	-0.9052	2.07116
11.2409	-1.64302	-0.897182	2.13322
11.3252	-1.51221	-0.150865	2.19596
11.2636	-1.34915	-0.147267	2.22822
11.3044	-1.2039	-1.05969	2.15997
11.1574	-1.05548	-1.05843	2.17846
11.0035	-0.905828	-1.98646	2.09431
10.9435	-0.734274	-1.98241	2.15103
10.8384	-0.581016	-1.17325	2.31335
10.8375	-0.441272	-1.17232	2.32867
10.6384	-0.376659	-3.0198	1.93611
10.5516	-0.247746	-3.0192	1.9657
10.4318	-0.179052	-1.69225	2.09647
10.3503	-0.141736	-1.69213	2.02186
10.2092	-0.110461	-2.55641	1.87139
10.0544	-0.0434297	-2.55606	1.83712
9.89196	0.0115736	-2.58784	1.79011
9.75857	0.0570716	-2.58681	1.73905
9.63551	0.102527	-1.86614	1.7614
9.56892	0.15047	-1.86462	1.71379
9.55337	0.150845	-2.60507	1.54096
9.25667	0.151827	-2.60285	1.46407
9.0846	0.20909	-2.645	1.44128
8.93582	0.244048	-2.64347	1.39874
8.93355	0.267984	-2.82942	1.31987
8.64754	0.256043	-2.82648	1.24298
8.47103	0.255432	-2.75962	1.18049
8.35697	0.251527	-2.75625	1.11258
8.27582	0.203924	-2.77748	1.00416
8.03194	0.156183	-2.77351	0.908378
7.75622	0.152597	-4.03149	0.962478
7.63547	0.144446	-4.02945	0.910212
7.60895	0.165483	-2.03091	0.927961
7.44065	0.161427	-2.02978	0.883638
7.34271	0.104607	-2.77312	0.737936
7.16817	0.0483029	-2.76998	0.642343
7.05699	-0.0430075	-1.95098	0.415814
6.95034	-0.14236	-1.94901	0.295163
6.87107	-0.23831	-1.75144	0.131949
6.76341	-0.345837	-1.75326	0.0195854
6.75073	-0.447975	-1.80708	-0.0611077
6.56589	-0.551867	-1.81258	-0.162154
6.59632	-0.754699	-1.4167	-0.494279
6.36659	-0.939286	-1.43143	-0.656145
6.35455	-1.09993	0.13721	-1.91992
6.36317	-1.24999	0.13017	-1.96499
6.3142	-1.40512	-0.0243166	-1.91086
6.3545	-1.55628	-0.0314108	-1.94392
6.49735	-1.74168	0.156648	-2.11817
6.35756	-1.83717	0.151943	-2.13281
6.38616	-2.01837	0.0165743	-2.09711
6.35152	-2.13759	0.0124893	-2.10945
6.29358	-2.27812	0.115416	-2.24009
6.33285	-2.43672	0.106098	-2.26618
6.31167	-2.5738	0.859125	-2.94953
6.45425	-2.75323	0.866385	-2.93327
6.41266	-2.87469	0.853313	-2.91992
6.54453	-3.01982	0.872588	-2.87915
6.70016	-3.31319	0.45703	-2.64039
6.55123	-3.45522	0.426503	-2.70003
6.52408	-3.56335	0.784692	-3.1162
6.64412	-3.73668	0.800624	-3.0886
6.71261	-3.84323	0.840459	-3.04337
6.85014	-3.93809	0.892195	-2.9579
7.11468	-4.27339	1.1998	-3.21397
6.95939	-4.33103	1.19363	-3.22177
7.01356	-4.44377	0.588466	-2.4984
7.05567	-4.55165	0.603921	-2.47492
7.15295	-4.75098	1.07322	-2.89113
7.13423	-4.82885	1.08582	-2.87162
7.27463	-5.02134	1.56473	-3.32095
7.34339	-5.14757	1.58441	-3.29287
7.33601	-5.26156	1.04758	-2.80818
7.46025	-5.44881	1.04975	-2.80585
7.47615	-5.49178	1.056	-2.72388
7.65737	-5.65487	1.09288	-2.67634
7.78045	-5.85406	0.943137	-2.55923
7.75437	-5.95899	0.932165	-2.57286
7.79759	-6.01748	1.08893	-2.654
7.94849	-6.15516	1.12647	-2.60747
8.04133	-6.30969	1.87752	-3.22301
8.1483	-6.44691	1.89257	-3.20425
8.26712	-6.59449	0.813415	-2.13045
8.254	-6.65121	0.81991	-2.12191
8.21723	-6.7388	1.21206	-2.52583
8.35304	-6.94579	1.20677	-2.5329
8.59967	-7.21706	1.63836	-2.9808
8.54958	-7.25073	1.64373	-2.97318
8.69232	-7.37577	1.33948	-2.57865
8.74754	-7.43503	1.37147	-2.5416
8.69874	-7.50677	1.5162	-2.70673
8.84828	-7.75127	1.49606	-2.73057
8.78905	-7.80469	1.00849	-2.2073
8.94393	-8.06826	0.982359	-2.23751
8.92705	-8.11783	0.824062	-2.04393
9.01802	-8.23492	0.842194	-2.02458
9.04863	-8.37065	1.13803	-2.36569
9.16176	-8.53237	1.14548	-2.35812
9.10344	-8.5693	1.57354	-2.85147
9.34755	-8.85204	1.58492	-2.84088
9.4091	-8.97025	1.22949	-2.43636
9.45377	-9.16091	1.19118	-2.47598
9.5172	-9.35465	1.20034	-2.55211
9.57011	-9.45209	1.21085	-2.54137
9.62992	-9.58662	0.680735	-1.91954
9.64646	-9.66984	0.681388	-1.9187
9.63883	-9.78977	0.74747	-2.05668
9.64896	-9.95762	0.705187	-2.09805
9.61729	-9.9976	1.18213	-2.73326
9.75003	-10.246	1.16646	-2.74883
9.77423	-10.3585	1.02409	-2.57391
9.86263	-10.5374	1.02253	-2.57566
9.87063	-10.6848	0.598474	-2.11251
9.84775	-10.8537	0.542881	-2.16323
9.77006	-10.8924	0.504222	-2.15052
9.86299	-11.1421	0.475725	-2.17658
9.87613	-11.3101	0.536424	-2.3326
9.85139	-11.4463	0.502492	-2.36163
9.9292	-11.6682	0.454683	-2.32883
9.83412	-11.735	0.416118	-2.3603
9.81649	-11.8646	0.239331	-2.15326
9.75463	-12.0492	0.165815	-2.21298
9.66887	-12.1558	-0.668709	-0.91461
9.55664	-12.2325	-0.726691	-0.959895
9.47889	-12.4199	-0.347966	-1.84717
9.34387	-12.5581	-0.43635	-1.91392
9.23714	-12.6456	-0.894113	-1.06422
9.16507	-12.7496	-0.931968	-1.09139
9.09238	-12.8317	-0.928149	-1.16302
8.96081	-12.9418	-1.00234	-1.21434
8.87959	-13.1147	-1.66643	-0.0236495
8.65678	-13.046	-1.72222	-0.0599748
8.50004	-13.0952	-1.47943	-0.784468
8.345	-13.2362	-1.57272	-0.84401
8.21078	-13.0826	-2.07902	0.673871
8.1557	-13.1466	-2.08674	0.66871
8.00313	-13.1844	-1.69907	-0.21388
7.85411	-13.2522	-1.76416	-0.252734
7.60755	-13.1336	-2.22278	0.809226
7.4546	-13.2403	-2.31028	0.759174
7.3308	-13.2677	-2.19946	0.331893
7.13311	-13.2375	-2.25201	0.303984
6.97923	-13.1675	-2.3077	0.465453
6.84848	-13.2385	-2.34952	0.443732
6.71896	-13.2511	-2.54559	0.966845
6.55672	-13.1592	-2.5476	0.966098
6.33507	-12.9428	-2.62489	1.19172
6.24985	-13.0439	-2.64226	1.18267
6.09649	-13.0015	-2.58004	0.935353
5.95511	-12.9611	-2.58383	0.933598
5.89092	-13.1003	-2.64009	1.06403
5.66543	-12.839	-2.63978	1.06523
5.60939	-12.8464	-2.67617	1.39121
5.4525	-12.6258	-2.63302	1.40964
5.30819	-12.4382	-2.64058	1.562
5.249	-12.4429	-2.60076	1.57747
5.13409	-12.4289	-2.70657	1.88733
4.95059	-12.2745	-2.71813	1.88307
4.90914	-12.1843	-2.47662	1.29563
4.83907	-12.0374	-2.39577	1.32629
4.79679	-11.9683	-2.73444	2.44438
4.63834	-11.7595	-2.71666	2.45143
4.49596	-11.4701	-2.3003	1.37849
4.53662	-11.5379	-2.20569	1.41254
4.47023	-11.2792	-2.59521	2.77154
4.45277	-11.1549	-2.49819	2.80709
4.45552	-11.227	-1.82684	1.42575
4.36679	-10.9568	-1.75389	1.45429
4.34234	-10.699	-1.63315	1.49776
4.4216	-10.6563	-1.50381	1.54668
4.4437	-10.5358	-1.80032	2.26114
4.44517	-10.3526	-1.70799	2.29838
4.40818	-10.0165	-1.34506	1.89007
4.55141	-10.042	-1.2218	1.94077
4.56667	-9.85876	-1.1285	1.97111
4.65555	-9.75104	-1.01438	2.02193
4.60481	-9.48953	-0.276405	1.1105
4.74122	-9.53677	-0.194939	1.14843
4.7777	-9.36739	-0.587416	1.85611
4.87273	-9.25471	-0.482489	1.90851
4.9222	-9.03413	-0.187001	1.72991
5.04362	-8.96321	-0.09598	1.778
5.102	-8.73267	0.0730867	1.76399
5.25993	-8.64373	0.182559	1.82648
5.34085	-8.55049	0.894105	1.25647
5.43138	-8.43968	0.940448	1.2856
5.50611	-8.36744	0.559873	1.68017
5.54136	-8.23616	0.57955	1.69353
5.71669	-8.19619	1.53387	0.822713
5.85113	-8.03396	1.61761	0.88166
5.97653	-7.97312	0.544621	1.70328
6.04877	-7.75392	0.625887	1.76578
6.20091	-7.73386	1.24088	1.35404
6.24778	-7.56526	1.27102	1.37905
6.38567	-7.48615	1.30923	1.41305
6.44553	-7.36315	1.32312	1.42534
6.6546	-7.30666	1.82917	1.16976
6.74874	-7.14404	1.87079	1.20853
6.83236	-7.05675	1.49955	1.4125
6.97594	-6.96176	1.53665	1.44933
7.1355	-6.88078	2.17427	1.12252
7.25502	-6.74807	2.21104	1.16171
7.23352	-6.61111	0.994007	1.72246
7.33387	-6.53917	1.00773	1.73782
7.67331	-6.66217	3.04945	0.521046
7.64785	-6.55937	3.0045	0.46944
7.91893	-6.60714	1.57827	1.31551
7.84896	-6.34412	1.60458	1.34992
7.9268	-6.23698	2.5971	0.893441
8.14447	-6.23012	2.60515	0.903279
8.35342	-6.19732	1.09339	1.60314
8.35627	-5.9611	1.13952	1.66832
8.45021	-5.86009	2.9295	1.02528
8.64136	-5.86444	2.91251	0.999635
8.7596	-5.77001	1.76529	1.46584
8.8521	-5.65208	1.77962	1.48865
8.91897	-5.47881	2.49633	1.29042
9.13321	-5.45884	2.4956	1.28835
9.31679	-5.40045	1.79654	1.50872
9.33219	-5.26135	1.79903	1.51418
9.45223	-5.12825	2.38143	1.38205
9.63645	-5.04342	2.39631	1.40984
9.81691	-5.01655	1.00045	1.72642
9.75098	-4.84911	1.00716	1.74167
9.95173	-4.80177	1.68717	1.56292
9.93619	-4.66537	1.68581	1.56134
10.127	-4.58616	1.73555	1.58368
10.146	-4.44366	1.74225	1.60011
10.3169	-4.34806	2.52196	1.48346
10.4497	-4.24863	2.52693	1.49587
10.5701	-4.13959	0.486513	1.83686
10.5551	-3.95329	0.507315	1.89368
10.6598	-3.80478	1.37475	1.83523
10.7597	-3.65511	1.39156	1.88364
10.8601	-3.56418	1.85513	1.84957
10.938	-3.46783	1.85152	1.83822
11.0136	-3.31857	0.702939	2.02039
11.0669	-3.14722	0.718897	2.07651
11.1058	-3.01434	0.788821	2.09029
11.1429	-2.84907	0.79959	2.133
11.1765	-2.7027	0.789248	2.15691
11.2489	-2.54171	0.799265	2.20104
11.4337	-2.47988	-0.956518	2.15434
11.1748	-2.24295	-0.944651	2.22091
11.2232	-2.06173	1.77381	2.27722
11.3529	-1.97038	1.76965	2.25227
11.2348	-1.80073	-0.0407227	2.1429
11.3634	-1.64456	-0.0324648	2.19739
11.2764	-1.48391	-0.0568479	2.22068
11.3378	-1.34542	-0.0538257	2.2441
11.2517	-1.21834	-1.86272	2.08105
11.1533	-1.04459	-1.85747	2.14053
10.9789	-0.889743	-1.23008	2.24435
11.0624	-0.743337	-1.22668	2.28532
10.898	-0.658523	-1.81611	2.13628
10.8409	-0.548851	-1.81611	2.13112
10.8204	-0.440916	-1.7067	2.13629
10.6655	-0.352845	-1.70774	2.10557
10.5493	-0.261754	-3.15415	1.92458
10.3496	-0.171777	-3.15437	1.91811
10.253	-0.103387	-2.11149	2.02739
10.1372	-0.0454333	-2.11124	1.98816
10.0688	0.0205773	-1.98907	1.97197
9.92917	0.0568353	-1.98806	1.91519
9.84526	0.030245	-2.89644	1.70692
9.65131	0.0387975	-2.89453	1.63673
9.54339	0.1007	-2.98986	1.61835
9.33634	0.139306	-2.98912	1.5795
9.44055	0.150003	-1.9048	1.63188
9.1419	0.16307	-1.90314	1.55901
9.02671	0.192464	-3.03723	1.46047
8.82237	0.250819	-3.03698	1.4481
8.67593	0.251879	-3.063	1.37753
8.54862	0.248499	-3.05963	1.30905
8.43718	0.259512	-2.64085	1.26535
8.23146	0.259997	-2.63795	1.19748
8.10622	0.209241	-2.98712	1.07606
7.94796	0.130637	-2.98125	0.95281
7.82013	0.150898	-3.07578	0.937727
7.63449	0.15256	-3.07466	0.895966
7.49615	0.107409	-2.5934	0.825737
7.35052	0.0673479	-2.5906	0.738629
7.14105	-4.22931e-05	-2.04225	0.593309
7.1474	-0.0542696	-2.04023	0.513306
6.79272	-0.151552	-2.84927	0.515851
6.85419	-0.225832	-2.84829	0.412137
6.71	-0.341463	-1.00077	-0.19895
6.7451	-0.439196	-1.00259	-0.277926
6.71738	-0.545027	-1.84937	-0.0310458
6.54993	-0.622529	-1.85473	-0.105334
6.40877	-0.779066	-0.72017	-0.664041
6.44705	-0.957131	-0.732154	-0.790491
6.38051	-1.08251	-0.577494	-0.984257
6.35587	-1.24129	-0.592721	-1.0809
6.53592	-1.42853	0.161249	-1.67571
6.35887	-1.55104	0.146734	-1.74132
6.33347	-1.64465	-0.0436886	-1.60193
6.3433	-1.74799	-0.0465291	-1.61289
6.34516	-1.9593	0.644198	-2.12582
6.34169	-2.1216	0.627976	-2.18012
6.31169	-2.23358	0.145798	-1.74562
6.34726	-2.35209	0.139898	-1.76247
6.26926	-2.47146	0.39006	-2.00209
6.36114	-2.64267	0.377159	-2.03594
6.38037	-2.77842	1.08871	-2.69844
6.46047	-2.9499	1.08037	-2.71776
6.50886	-3.15739	1.38271	-3.07037
6.55394	-3.36063	1.36102	-3.11485
6.64236	-3.46456	0.708748	-2.26843
6.6363	-3.55532	0.712644	-2.26075
6.70048	-3.70014	1.33316	-2.72203
6.75183	-3.84576	1.32625	-2.73421
6.66666	-3.92163	1.03603	-2.4824
6.85491	-4.1527	1.02892	-2.49576
6.94275	-4.29481	0.639253	-2.10513
6.94907	-4.3434	0.660717	-2.07072
7.08558	-4.55003	1.24843	-2.57131
7.03735	-4.64678	1.23216	-2.59547
7.23679	-4.8809	1.77332	-3.16499
7.26372	-4.93396	1.80005	-3.12525
7.33664	-5.07933	0.827018	-2.26954
7.35263	-5.15608	0.835213	-2.25767
7.40181	-5.28735	1.14639	-2.55331
7.44133	-5.4428	1.12851	-2.57793
7.47104	-5.5137	1.34525	-2.76414
7.66306	-5.64705	1.38942	-2.70657
7.71146	-5.81504	1.12663	-2.54295
7.75744	-5.96108	1.11451	-2.55884
7.72019	-5.95473	1.36546	-2.76489
7.9468	-6.14496	1.39874	-2.72408
8.03751	-6.28401	0.853442	-2.25784
8.04421	-6.35846	0.85804	-2.25174
8.10336	-6.49111	1.74956	-3.11329
8.25609	-6.65977	1.76809	-3.09096
8.38763	-6.79034	0.734289	-1.99509
8.33352	-6.87056	0.709723	-2.02392
8.56459	-7.14085	1.3582	-2.6684
8.46133	-7.15534	1.34657	-2.68077
8.39144	-7.1218	1.42241	-2.70742
8.64329	-7.34355	1.455	-2.67122
8.75757	-7.56389	1.43668	-2.70444
8.76258	-7.66119	1.42725	-2.71476
8.81463	-7.75452	0.873606	-2.06322
8.84394	-7.83671	0.87749	-2.05874
9.05985	-8.09984	1.94784	-3.13738
9.05452	-8.16038	1.94962	-3.13454
9.06606	-8.2263	0.98844	-2.10286
9.15413	-8.35094	0.99609	-2.09485
9.2965	-8.56459	1.15698	-2.27939
9.2564	-8.64559	1.13021	-2.30741
9.17315	-8.67804	1.11427	-2.3359
9.34922	-8.94856	1.09736	-2.35482
9.47319	-9.17181	1.44911	-2.81427
9.44479	-9.24259	1.43599	-2.82693
9.53184	-9.38064	0.734457	-1.94842
9.5752	-9.43821	0.761164	-1.92159
9.60439	-9.60277	1.05056	-2.29951
9.62964	-9.75505	1.0212	-2.32865
9.69081	-9.89934	1.1686	-2.5313
9.74501	-10.0459	1.15983	-2.53975
9.70542	-10.1324	0.706398	-2.04898
9.75236	-10.3468	0.660247	-2.09321
9.81854	-10.5036	1.24567	-2.90651
9.83327	-10.6514	1.22124	-2.92881
9.83375	-10.7515	0.83102	-2.43324
9.8507	-10.9586	0.779328	-2.4799
9.92119	-11.1328	0.200339	-1.67577
9.86199	-11.1516	0.194373	-1.68046
9.84251	-11.2774	0.501169	-2.15986
9.83892	-11.4473	0.457645	-2.19754
9.80663	-11.5853	0.375215	-2.17324
9.75716	-11.7477	0.313735	-2.2246
9.77806	-11.9198	0.393352	-2.41451
9.75938	-12.0492	0.370659	-2.43264
9.66136	-12.1735	-0.249758	-1.61976
9.56656	-12.3431	-0.338505	-1.68946
9.48933	-12.4698	-0.800598	-0.935826
9.34931	-12.5406	-0.86974	-0.987402
9.32123	-12.71	-0.651843	-1.51963
9.24239	-12.7422	-0.655089	-1.52159
9.06996	-12.7624	-1.44715	-0.244765
8.8425	-12.9395	-1.61882	-0.364847
8.74058	-13.0098	-1.60948	-0.502687
8.63988	-13.0341	-1.62157	-0.510536
8.49531	-13.0386	-1.80197	-0.211794
8.34355	-13.1433	-1.88027	-0.261646
8.20227	-13.1939	-1.88427	-0.381223
8.06173	-13.236	-1.91952	-0.402516
7.9019	-13.1793	-2.18189	0.23543
7.75631	-13.241	-2.2323	0.206067
7.53958	-13.1488	-2.35465	0.407723
7.44907	-13.2308	-2.37007	0.398581
7.21791	-13.1343	-2.79113	1.36856
7.05475	-13.1584	-2.83909	1.34263
6.89551	-13.1544	-2.48337	0.146438
6.73304	-13.1366	-2.49897	0.138662
6.69186	-13.3483	-2.57703	0.308525
6.43017	-13.1475	-2.6055	0.296038
6.41285	-13.1992	-2.64983	0.671
6.25095	-13.0574	-2.63322	0.679052
6.16014	-13.1441	-2.71322	0.878968
5.95289	-12.9428	-2.70231	0.884678
5.78562	-12.8823	-2.74525	0.985514
5.6476	-12.8413	-2.73957	0.987858
5.53986	-12.7895	-2.83605	1.48521
5.43746	-12.6562	-2.77341	1.51088
5.32749	-12.5939	-2.81966	1.74189
5.12158	-12.4536	-2.84635	1.73153
5.11676	-12.5758	-2.71549	1.44778
4.95288	-12.2331	-2.63935	1.47811
4.81907	-12.1071	-2.84491	2.16122
4.74981	-11.9567	-2.76094	2.19281
4.66609	-11.7574	-2.40294	1.3937
4.67333	-11.7481	-2.30714	1.42867
4.61151	-11.6509	-2.43376	1.92735
4.54203	-11.4451	-2.34638	1.96032
4.479	-11.1729	-2.58973	2.9163
4.44169	-11.0684	-2.51931	2.94224
4.43731	-10.9881	-1.64783	1.17874
4.44454	-10.8674	-1.54692	1.21738
4.5847	-11.1033	-1.46852	1.27143
4.44004	-10.6427	-1.39087	1.30392
4.42773	-10.4321	-1.93786	2.66479
4.44381	-10.2457	-1.8226	2.71141
4.50416	-10.1223	-1.19235	1.88915
4.55011	-9.94526	-1.07561	1.93874
4.58182	-9.74422	-1.10577	2.16685
4.64354	-9.65315	-1.0249	2.20325
4.61219	-9.39978	-0.352377	1.38497
4.74121	-9.45408	-0.284043	1.41689
4.80075	-9.24654	-0.404518	1.77987
4.93887	-9.15904	-0.291419	1.83686
5.02388	-9.03519	-0.345513	2.03449
5.05935	-8.8443	-0.272395	2.07479
5.20147	-8.83059	0.543528	1.30319
5.26536	-8.65756	0.610316	1.34261
5.33298	-8.50707	0.394203	1.64876
5.43362	-8.36469	0.470992	1.69705
5.57366	-8.28608	0.905845	1.40812
5.65171	-8.16939	0.941599	1.43227
5.82739	-8.14412	1.18663	1.3087
5.81351	-7.95384	1.18865	1.31098
5.98252	-7.92145	1.25534	1.32765
6.04642	-7.7513	1.29566	1.35898
6.06077	-7.49617	0.87741	1.74968
6.25876	-7.43713	0.946587	1.80554
6.3523	-7.29679	1.96353	1.21466
6.55051	-7.24408	2.00545	1.25123
6.62322	-7.17354	2.02845	1.21001
6.74532	-7.15213	2.01328	1.19519
6.91471	-7.05103	2.099	1.20913
7.06811	-6.94098	2.13715	1.24733
7.12499	-6.82642	1.55354	1.53263
7.25179	-6.73857	1.57326	1.55378
7.30871	-6.62164	1.5967	1.54339
7.4564	-6.53821	1.62106	1.57081
7.60049	-6.47406	2.64239	1.05846
7.74319	-6.44847	2.62668	1.03932
7.84678	-6.40993	2.07989	1.27691
7.95846	-6.34148	2.07804	1.27455
8.05637	-6.23472	2.17966	1.23926
8.24631	-6.14882	2.21198	1.28202
8.32935	-5.98739	2.44267	1.23859
8.5498	-5.93947	2.46145	1.26473
8.63657	-5.85271	1.82472	1.47074
8.75396	-5.75279	1.83759	1.49052
9.00085	-5.70701	2.39999	1.32034
9.06262	-5.54313	2.41853	1.3514
9.13956	-5.45199	1.85463	1.50026
9.24448	-5.33586	1.8686	1.5249
9.271	-5.2484	2.1018	1.41498
9.4354	-5.25629	2.07971	1.37315
9.69845	-5.20509	1.37964	1.6998
9.65168	-4.95623	1.4127	1.76522
9.67867	-4.82308	1.73788	1.70596
9.86495	-4.74681	1.74835	1.72685
9.94718	-4.64456	1.67221	1.74494
10.07	-4.54325	1.67915	1.76022
10.3932	-4.51477	2.60609	1.58571
10.347	-4.35263	2.6024	1.57938
10.3794	-4.20667	0.650034	1.94415
10.457	-4.07124	0.664339	1.98102
10.5552	-3.94035	1.91332	1.81798
10.6428	-3.84125	1.91101	1.81178
10.6245	-3.64875	1.60272	1.89402
10.8543	-3.5396	1.61837	1.93981
10.8211	-3.36953	0.970999	2.01213
10.9358	-3.24853	0.980828	2.04483
10.9195	-3.09981	1.95693	1.99938
11.1328	-3.05566	1.94914	1.96793
11.1522	-2.89755	0.850845	2.08097
11.2559	-2.74419	0.862698	2.12911
11.2559	-2.61096	-1.00185	2.16504
11.1407	-2.45408	-0.99628	2.1928
11.23	-2.27917	0.842381	2.22246
11.2398	-2.16494	0.839382	2.2079
11.1723	-1.9851	0.847254	2.2417
11.3399	-1.8513	0.852734	2.27197
